S: 100.000000
E: 110.000000
r: 10.000000
sigma: 1.000000
T: 1.000000
Confidente Interval: 104.068913, 104.438427